# x
0.000000000000000000e+00
1.000000000000000000e+00
0.000000000000000000e+00
1.428571492433547974e-01
2.857142984867095947e-01
4.285714328289031982e-01
5.714285969734191895e-01
7.142857313156127930e-01
8.571428656578063965e-01
1.000000000000000000e+00
0.000000000000000000e+00
1.000000000000000000e+00
7.672167420387268066e-01
4.245839416980743408e-01
7.549919486045837402e-01
9.971531629562377930e-01
5.009892582893371582e-01
2.070223540067672729e-01
5.233867168426513672e-01
4.998818039894104004e-01
8.772834390401840210e-02
8.275956511497497559e-01
7.700249552726745605e-01
3.445779681205749512e-01
7.301569581031799316e-01
2.572174370288848877e-01
2.866739332675933838e-01
7.571935057640075684e-01
6.106289029121398926e-01
5.025405883789062500e-01
6.776617765426635742e-01
9.883194565773010254e-01
1.969447284936904907e-01
4.481432493776082993e-03
6.916261315345764160e-01
3.748101890087127686e-01
2.056420892477035522e-01
3.526093363761901855e-01
1.242727786302566528e-02
2.615216672420501709e-01
4.418540298938751221e-01
7.738645672798156738e-01
8.656380772590637207e-01
9.686075448989868164e-01
5.330570340156555176e-01
9.171437621116638184e-01
8.598473668098449707e-01
5.289022326469421387e-01
8.103874325752258301e-01
5.264998078346252441e-01
9.772706031799316406e-01
4.113638401031494141e-01
